TimePressure,PlayerCard1,PlayerCard2,DealerCard,ResponseTime,Response
10,10,9,5,0.48399949073791504,y
10,10,8,7,0.4459991455078125,y
10,9,9,3,0.5229995250701904,y
10,4,10,2,0.4959995746612549,y
10,6,9,4,0.474001407623291,y
10,9,6,6,0.4630007743835449,y
10,9,9,6,0.4870009422302246,y
10,9,10,8,0.48999881744384766,y
10,8,7,8,0.48799777030944824,y
10,6,10,7,0.48799800872802734,y
4,9,9,7,0.03000020980834961,y
4,4,10,10,0.43900108337402344,y
4,5,10,3,0.41100096702575684,y
4,5,7,3,0.4719972610473633,y
4,3,10,5,0.4799985885620117,y
4,8,5,6,0.48000049591064453,y
4,10,7,6,0.50699782371521,y
4,6,8,5,0.4380018711090088,y
4,9,9,6,0.46199727058410645,y
4,7,8,7,0.48999834060668945,y
4,7,6,4,0.48800039291381836,y
4,8,6,7,0.4700014591217041,y
4,8,10,4,0.5239975452423096,y
4,6,9,4,0.4629976749420166,y
4,3,10,2,0.454998254776001,y
4,7,9,9,0.45600080490112305,y
4,10,9,6,0.43799710273742676,y
4,10,9,4,0.46199989318847656,y
4,9,3,8,0.46500158309936523,y
4,7,10,8,0.46200132369995117,y
4,6,10,3,0.45599794387817383,y
4,5,7,4,0.4890005588531494,y
4,7,8,6,0.5060000419616699,y
4,9,7,7,0.4369997978210449,y
4,7,10,4,0.4790003299713135,y
4,10,5,5,0.5160017013549805,y
4,5,10,2,0.4539988040924072,y
4,8,10,3,0.474001407623291,y
4,4,10,9,0.48599815368652344,y
4,6,6,7,0.47099757194519043,y
4,10,7,3,0.4720034599304199,y
4,9,7,6,0.48199939727783203,y
4,9,8,10,0.4910004138946533,y
4,6,7,9,0.5120007991790771,y
4,4,9,8,0.4799985885620117,y
4,10,8,2,0.455000638961792,y
4,3,9,5,0.4550011157989502,y
4,6,9,8,0.506000280380249,y
4,5,9,8,0.4635767936706543,y
4,9,10,8,0.4549999237060547,y
4,7,9,8,0.4810025691986084,y
4,10,6,2,0.47300028800964355,y
4,10,9,2,0.4940001964569092,y
4,2,10,2,0.45599913597106934,y
4,6,10,5,0.44700002670288086,y
4,9,9,5,0.49699926376342773,y
4,10,9,5,0.43599820137023926,y
4,6,10,4,0.5139994621276855,y
4,10,3,7,0.4889988899230957,y
4,9,9,10,0.4629998207092285,y
4,8,5,10,0.47100043296813965,y
4,9,8,7,0.5229980945587158,y
4,10,8,8,0.4529995918273926,y
4,6,9,9,0.5249977111816406,y
4,9,10,9,0.45299839973449707,y
4,9,10,10,0.43799757957458496,y
4,9,10,7,0.4959983825683594,y
4,6,6,9,0.5049982070922852,y
4,10,6,10,0.4329996109008789,y
4,4,10,4,0.48600077629089355,y
4,9,3,6,0.48799896240234375,y
4,7,7,3,0.47300148010253906,y
4,9,10,3,0.47099828720092773,y
4,8,10,9,0.4829995632171631,y
4,8,7,10,0.4790003299713135,y
4,10,7,5,0.4959986209869385,y
4,8,6,6,0.4740002155303955,y
4,9,3,10,0.5139997005462646,y
4,9,8,9,0.43700098991394043,y
4,8,9,2,0.48799991607666016,y
4,8,6,2,0.4889984130859375,y
5,10,9,5,0.1679995059967041,y
5,10,6,9,0.43899965286254883,y
5,10,9,8,0.4660005569458008,y
5,10,8,5,0.4609999656677246,y
5,8,9,8,0.48199987411499023,y
5,10,9,9,0.45600056648254395,y
5,10,7,9,0.46199893951416016,y
5,8,7,4,0.4739978313446045,y
5,5,10,6,0.4629969596862793,y
5,6,9,3,0.44699978828430176,y
5,5,10,7,0.4739987850189209,y
5,10,6,4,0.46200084686279297,y
5,4,10,4,0.4629988670349121,y
5,7,5,10,0.4720001220703125,y
5,6,9,9,0.4570012092590332,y
5,7,5,5,0.4700002670288086,y
5,8,10,9,0.46400022506713867,y
5,5,10,2,0.48199963569641113,y
5,4,10,3,0.4799995422363281,y
5,10,9,7,0.4890012741088867,y
5,9,8,6,0.4920003414154053,y
5,6,6,3,0.4700009822845459,y
5,10,7,2,0.4959983825683594,y
5,10,9,10,0.47099852561950684,y
5,9,10,3,0.5160000324249268,y
5,8,5,4,0.5200014114379883,y
5,10,8,3,0.4719979763031006,y
5,8,9,10,0.4979991912841797,y
5,8,8,7,0.454998254776001,y
5,5,8,7,0.5050010681152344,y
5,8,7,8,0.5140008926391602,y
5,10,3,6,0.5399973392486572,y
5,8,6,2,0.45600032806396484,y
5,10,9,2,0.48800063133239746,y
5,6,7,3,0.4909999370574951,y
5,10,8,10,0.4790008068084717,y
5,3,10,2,0.4979982376098633,y
5,10,9,4,0.4869987964630127,y
5,5,9,9,0.4809994697570801,y
5,6,9,10,0.4889986515045166,y
5,3,9,2,0.4960002899169922,y
5,8,8,6,0.49699997901916504,y
5,6,6,7,0.4399998188018799,y
5,8,10,2,0.4890003204345703,y
5,9,9,4,0.47300004959106445,y
5,10,7,7,0.48800230026245117,y
5,6,10,3,0.4630014896392822,y
5,7,5,4,0.5539968013763428,y
5,6,9,5,0.46399831771850586,y
5,10,4,10,0.4980010986328125,y
5,8,10,6,0.5400002002716064,y
5,9,10,6,0.49499964714050293,y
5,10,7,4,0.5049989223480225,y
5,10,8,7,0.5040006637573242,y
5,5,9,6,0.5390007495880127,y
5,7,9,8,0.5060000419616699,y
5,10,6,10,0.4369983673095703,y
5,7,9,2,0.49899959564208984,y
5,10,7,3,0.49000048637390137,y
5,9,9,8,0.5299983024597168,y
5,6,7,8,0.49000024795532227,y
5,8,6,5,0.5390000343322754,y
5,8,9,5,0.5049982070922852,y
5,6,10,5,0.5069990158081055,y
5,10,4,7,0.4969944953918457,y
5,5,8,5,0.49899888038635254,y
5,5,7,8,0.49699997901916504,y
5,6,6,6,0.48800086975097656,y
5,10,3,10,0.4799988269805908,y
5,8,6,8,0.5389986038208008,y
5,8,5,9,0.48999977111816406,y
3,5,7,3,0.10500097274780273,y
3,4,8,8,0.4709968566894531,y
3,5,8,7,0.49899888038635254,y
3,6,9,3,0.4539988040924072,y
3,9,8,6,0.4909999370574951,y
3,8,10,8,0.5129990577697754,y
3,5,9,4,0.4479994773864746,y
3,10,3,5,0.4870011806488037,y
3,6,6,9,0.4821317195892334,y
3,4,8,7,0.5120019912719727,y
3,10,9,9,0.4740004539489746,y
3,4,8,6,0.4940011501312256,y
3,8,6,9,0.5099976062774658,y
3,7,6,9,0.4959995746612549,y
3,7,9,8,0.5190005302429199,y
3,10,5,7,0.47500085830688477,y
3,2,10,5,0.495999813079834,y
3,7,10,10,0.48799943923950195,y
3,8,10,2,0.5070004463195801,y
3,10,9,7,0.505000114440918,y
3,10,9,10,0.5070006847381592,y
3,10,3,4,0.4810009002685547,y
3,9,7,9,0.5049998760223389,y
3,10,6,7,0.5129985809326172,y
3,6,8,3,0.4719998836517334,y
3,10,7,9,0.49700045585632324,y
3,4,10,2,0.524003267288208,y
3,5,7,2,0.49500083923339844,y
3,9,10,5,0.4573636054992676,y
3,8,9,4,0.4629974365234375,y
3,9,5,10,0.5129992961883545,y
3,9,9,10,0.5470011234283447,y
3,6,10,6,0.5060005187988281,y
3,8,7,4,0.5129997730255127,y
3,9,9,9,0.4959981441497803,y
3,6,10,4,0.48800134658813477,y
3,9,7,10,0.548999547958374,y
3,9,10,6,0.4400007724761963,y
3,9,10,2,0.532001256942749,y
3,9,9,3,0.46899890899658203,y
3,7,5,4,0.5249996185302734,y
3,10,4,5,0.4969973564147949,y
3,10,7,8,0.4799988269805908,y
3,9,10,4,0.514998197555542,y
3,8,7,9,0.5070006847381592,y
3,7,7,8,0.4870011806488037,y
3,6,10,2,0.4959993362426758,y
3,9,4,10,0.7170004844665527,y
3,8,9,7,0.5310008525848389,y
3,4,10,7,0.5390017032623291,y
3,10,7,3,0.5129992961883545,y
3,10,6,5,0.5140008926391602,y
3,7,8,5,0.49000048637390137,y
3,9,9,5,0.4960007667541504,y
3,3,9,10,0.5139997005462646,y
3,8,7,10,0.496002197265625,y
3,10,9,3,0.5160000324249268,y
3,4,9,6,0.5150017738342285,y
3,9,10,8,0.463001012802124,y
3,6,9,6,0.5110015869140625,y
3,6,7,8,0.49000000953674316,y
3,8,9,2,0.4960010051727295,y
3,6,7,3,0.4910006523132324,y
3,10,8,4,0.5300014019012451,y
3,5,10,8,0.47100067138671875,y
3,7,8,2,0.5149986743927002,y
3,7,9,3,0.48000049591064453,y
3,10,8,6,0.4979994297027588,y
3,5,9,6,0.4630007743835449,y
3,5,8,2,0.4960365295410156,y
3,9,8,5,0.49899959564208984,y
