TimePressure,PlayerCard1,PlayerCard2,DealerCard,ResponseTime,Response
10,9,9,4,2.0939998626708984,n
10,10,9,3,2.1889989376068115,n
10,10,8,8,1.2379987239837646,n
10,7,7,2,1.2740023136138916,y
10,9,6,9,1.8940014839172363,n
10,8,5,2,1.2579989433288574,y
10,7,10,2,1.5019993782043457,n
10,6,9,7,0.7319982051849365,n
10,7,6,6,0.49900031089782715,n
10,2,10,7,0.3789999485015869,n
4,6,9,5,1.395000696182251,y
4,6,7,6,1.097001075744629,y
4,7,6,2,1.529001235961914,y
4,6,6,10,1.655001163482666,y
4,8,10,8,1.3760027885437012,n
4,8,7,7,1.4350018501281738,y
4,10,9,6,1.3069994449615479,n
4,5,8,4,1.992002010345459,y
4,9,7,9,2.313001871109009,n
4,10,8,9,1.1580002307891846,n
4,9,9,5,2.692000389099121,n
4,2,10,5,2.2979989051818848,y
4,10,7,9,2.145000696182251,n
4,10,6,4,1.468001127243042,y
4,4,10,6,1.1099963188171387,y
4,10,4,5,1.1110007762908936,y
4,9,7,2,1.9840011596679688,n
4,10,2,2,1.857999563217163,y
4,7,9,8,1.9170000553131104,n
4,4,10,10,1.9370009899139404,y
4,5,8,3,1.305999755859375,y
4,7,8,4,1.2580006122589111,n
4,10,5,8,1.198000192642212,n
4,8,9,2,1.099001169204712,y
4,7,8,6,2.2960007190704346,y
4,10,3,5,1.046999454498291,y
4,6,10,10,2.346999168395996,n
4,8,4,8,0.9959995746612549,y
4,7,10,7,1.1399993896484375,y
4,9,10,2,1.9580004215240479,n
4,9,10,3,0.8620011806488037,n
4,8,10,6,1.6899981498718262,n
4,7,6,10,2.127997398376465,y
4,5,10,9,3.377997636795044,n
4,9,5,9,1.5949993133544922,y
4,8,4,6,1.2830004692077637,y
4,10,6,6,1.1070008277893066,n
4,8,10,4,2.954998254776001,n
4,10,3,9,1.9090023040771484,y
4,9,8,5,1.6609983444213867,n
4,9,5,7,1.8829991817474365,n
4,10,8,10,1.4740002155303955,n
4,5,9,3,1.2569985389709473,y
4,9,3,3,1.156998872756958,y
4,10,7,4,1.1499998569488525,n
4,10,8,3,1.6849966049194336,n
4,6,10,7,1.0809993743896484,y
4,5,7,4,2.667999744415283,y
4,5,7,7,1.3329997062683105,y
4,9,10,8,1.0400006771087646,n
4,7,10,8,1.9929988384246826,n
4,10,6,5,1.2909979820251465,n
4,7,9,3,1.3749980926513672,y
4,10,5,3,1.2920000553131104,y
4,10,2,9,1.0380027294158936,n
4,9,10,10,1.213001012802124,n
4,8,7,2,1.402000904083252,y
4,8,10,2,1.178999423980713,n
4,5,9,8,2.1110000610351562,y
4,8,10,7,1.0789997577667236,n
4,8,6,4,3.0910024642944336,y
4,10,9,4,1.1659986972808838,n
4,8,7,10,2.3210015296936035,n
4,4,9,8,1.5860025882720947,y
4,6,8,2,1.4610004425048828,y
4,9,8,3,1.7980005741119385,n
4,7,10,10,2.143596649169922,n
4,9,10,7,1.1061346530914307,n
4,9,10,9,1.0043771266937256,n
4,9,10,5,0.8585083484649658,n
4,10,3,7,1.8750004768371582,y
3,10,5,8,1.6710031032562256,y
3,9,7,5,1.496000051498413,n
3,10,9,8,1.5939996242523193,n
3,8,7,10,1.4779994487762451,y
3,10,9,5,1.3530018329620361,n
3,4,10,9,1.1380000114440918,y
3,10,5,3,1.5110011100769043,y
3,10,9,3,1.493001937866211,n
3,9,9,10,1.4609994888305664,n
3,8,9,3,2.7089996337890625,n
3,8,9,9,1.9439997673034668,n
3,9,10,7,1.9430007934570312,n
3,7,10,8,1.0740010738372803,n
3,7,8,6,0.8459985256195068,y
3,7,5,8,1.3919999599456787,y
3,9,4,2,1.872997522354126,y
3,3,10,10,0.8939986228942871,y
3,9,10,4,1.0280003547668457,n
3,10,8,6,1.1579992771148682,n
3,10,6,3,2.0159990787506104,n
3,10,9,10,2.241999626159668,n
3,10,8,8,2.3200008869171143,n
3,9,9,5,1.485999345779419,n
3,10,8,4,1.053999662399292,n
3,10,2,5,1.0299978256225586,y
3,6,6,2,1.1540005207061768,y
3,4,10,10,0.9539999961853027,y
3,10,4,3,0.9029989242553711,y
3,5,8,7,2.108003616333008,n
3,9,5,5,0.9790010452270508,y
3,8,8,7,1.1310021877288818,n
3,9,4,5,1.9840004444122314,n
3,3,9,10,1.2329990863800049,y
3,8,8,4,1.3040027618408203,n
3,2,10,3,1.0550031661987305,y
3,10,9,9,1.6019980907440186,n
3,9,3,4,1.3740015029907227,y
3,8,9,4,1.334998607635498,n
3,10,6,10,0.8930017948150635,n
3,10,8,7,1.5870006084442139,n
3,6,7,8,1.224001407623291,y
3,9,10,2,1.2730026245117188,n
3,6,9,5,1.3680009841918945,y
3,8,10,2,0.7330005168914795,n
3,7,9,9,0.8520009517669678,y
3,6,10,8,1.6020004749298096,n
3,9,5,2,2.8100013732910156,y
3,10,6,6,1.7189974784851074,y
3,10,5,2,1.224998950958252,y
3,9,8,2,1.9739999771118164,n
3,3,10,3,1.4429996013641357,y
3,2,10,6,1.3859994411468506,y
3,5,10,7,2.9969990253448486,y
3,10,8,9,1.0559992790222168,n
3,7,7,6,1.6030020713806152,y
3,7,10,5,1.6360015869140625,n
3,8,5,6,2.3309996128082275,y
3,3,10,4,1.0729968547821045,y
3,6,7,9,2.0080013275146484,n
3,10,9,6,1.7129993438720703,n
3,7,9,2,1.2140016555786133,y
3,5,9,4,2.4900014400482178,y
3,4,10,7,1.8850021362304688,y
3,7,5,9,1.4359984397888184,y
3,3,9,7,0.8329989910125732,y
3,9,8,7,1.1339995861053467,n
3,5,10,4,1.145998477935791,n
3,7,10,6,1.6700005531311035,n
3,8,10,3,1.6040027141571045,n
3,8,9,10,2.213000774383545,y
3,6,9,9,1.0630011558532715,y
5,6,7,8,1.0099999904632568,y
5,4,10,4,1.5289990901947021,y
5,5,7,6,2.870999574661255,y
5,8,6,7,1.4449975490570068,n
5,10,8,10,1.3420016765594482,y
5,4,9,2,1.0719995498657227,n
5,6,9,6,0.9259994029998779,y
5,3,9,5,1.470998764038086,n
5,5,9,6,2.8720009326934814,y
5,9,10,9,1.350999355316162,n
5,10,7,4,1.2900018692016602,n
5,4,9,3,0.9389998912811279,y
5,5,10,5,1.197000503540039,y
5,7,7,10,2.938999891281128,n
5,9,8,9,3.412000894546509,n
5,9,9,3,1.2630021572113037,y
5,10,2,10,1.1239986419677734,y
5,9,7,3,2.3120009899139404,n
5,7,9,7,2.4470019340515137,y
5,8,8,9,1.1140012741088867,n
5,5,8,9,4.964001178741455,y
5,7,9,5,2.618001937866211,n
5,8,6,5,2.6320016384124756,y
5,5,7,4,1.5189998149871826,y
5,5,9,2,3.3529999256134033,y
5,8,9,7,1.5879993438720703,n
5,9,10,2,1.5700011253356934,n
5,9,10,5,1.0639979839324951,n
5,7,9,8,3.352001905441284,n
5,8,7,10,1.0870020389556885,y
5,7,10,3,1.1820011138916016,n
5,10,8,7,0.9970004558563232,n
5,10,9,7,0.7580001354217529,n
5,6,9,9,3.734001636505127,y
5,8,7,2,2.303999423980713,y
5,9,9,4,1.0909972190856934,n
5,8,5,6,1.2070016860961914,y
5,8,9,6,1.4699995517730713,n
5,8,8,2,1.1980016231536865,n
5,9,6,8,1.796001672744751,n
5,9,9,8,1.514000415802002,n
5,6,7,7,4.375,y
5,9,9,6,1.5440020561218262,y
5,10,3,10,2.0510010719299316,n
5,6,10,4,1.8070015907287598,y
5,3,9,3,1.308002233505249,y
5,9,10,4,2.4639999866485596,n
5,10,7,5,1.182002067565918,n
5,5,10,7,1.366997241973877,y
5,10,8,9,1.5639986991882324,n
5,5,7,7,2.5329995155334473,y
5,9,8,10,1.6040000915527344,n
5,10,9,6,2.6440000534057617,n
5,10,9,8,0.9460008144378662,n
5,10,7,2,0.860001802444458,n
5,6,9,4,2.2389988899230957,y
5,7,7,9,2.2030017375946045,y
5,5,7,8,2.128997802734375,y
5,7,7,8,1.0559978485107422,n
5,8,9,8,0.8260021209716797,y
5,10,2,9,1.1220002174377441,y
5,3,10,4,1.3850007057189941,y
5,7,8,3,1.477001428604126,y
5,9,10,3,1.2599983215332031,n
5,9,9,2,0.8849999904632568,y
5,10,9,10,1.3419990539550781,y
5,8,10,5,1.9779996871948242,n
5,7,9,10,1.1390025615692139,y
5,6,7,5,1.3329992294311523,y
5,9,5,3,1.1639997959136963,n
5,9,7,6,1.2820184230804443,y
