TimePressure,PlayerCard1,PlayerCard2,DealerCard,ResponseTime,Response
10,10,6,2,1.166938066482544,y
10,9,3,8,0.44300031661987305,y
10,10,2,10,0.4479522705078125,y
10,9,7,3,0.4720463752746582,y
10,7,8,5,0.46199655532836914,y
10,8,9,3,0.48799991607666016,y
10,10,4,3,0.4813075065612793,y
10,9,9,2,0.5299992561340332,y
10,10,6,9,0.7091410160064697,y
10,6,7,2,0.6510014533996582,y
4,7,5,2,1.7149999141693115,y
4,10,3,2,2.061000108718872,y
4,10,4,8,1.5360000133514404,y
4,6,9,10,2.958001136779785,n
4,7,9,4,1.841998815536499,n
4,10,5,8,2.568000078201294,y
4,7,10,8,2.3540005683898926,n
4,9,10,5,1.5699996948242188,n
4,8,7,6,2.6035521030426025,n
4,7,5,7,2.155001163482666,y
4,10,4,4,1.264312982559204,n
4,6,10,8,2.881000280380249,n
4,5,8,3,1.3339996337890625,y
4,7,9,6,2.4912030696868896,n
4,9,9,8,1.0645651817321777,n
4,10,8,3,2.1358695030212402,n
4,8,10,10,1.6322038173675537,n
4,10,8,7,0.9180006980895996,n
4,6,10,7,2.4000000953674316,y
4,10,9,7,1.9519999027252197,n
4,10,7,9,1.0280003547668457,n
4,10,5,2,1.8480000495910645,y
4,9,8,5,1.975999355316162,y
4,10,8,4,1.8429999351501465,n
4,7,7,6,1.3420007228851318,y
4,7,7,5,2.712001085281372,y
4,10,6,9,2.497999668121338,n
4,6,10,3,3.1409995555877686,n
4,5,7,5,2.590998411178589,y
4,4,10,7,1.4600002765655518,y
4,9,10,6,1.832002878189087,n
4,10,7,10,3.132997751235962,n
4,10,9,10,1.3430004119873047,n
4,9,7,5,1.7910003662109375,n
4,7,10,7,1.4676940441131592,n
4,9,7,2,2.8652758598327637,y
4,10,8,5,1.3079910278320312,n
4,9,9,6,2.3892576694488525,n
4,10,7,6,3.3020002841949463,n
4,8,4,10,1.1640000343322754,y
4,4,10,2,1.089001178741455,y
4,3,10,9,1.0790002346038818,y
4,3,10,4,1.5717473030090332,y
4,10,4,9,1.044999122619629,y
4,9,9,9,1.174220085144043,n
4,9,6,7,2.6100001335144043,y
4,9,10,4,1.2984158992767334,n
4,10,3,5,1.909954309463501,y
4,4,10,3,1.0559990406036377,y
4,6,6,4,2.3812222480773926,n
4,7,8,9,3.933000087738037,y
4,9,10,3,1.6817703247070312,n
4,8,8,10,2.3370020389556885,n
4,2,10,8,0.9530007839202881,y
4,6,6,9,2.0697262287139893,y
4,9,10,2,2.885983943939209,n
4,8,7,4,2.127995491027832,y
4,9,8,3,2.011983871459961,n
4,8,5,6,1.9649128913879395,y
4,10,9,8,2.3298630714416504,n
4,9,5,10,2.2879841327667236,n
4,5,8,7,2.2119834423065186,y
4,10,3,8,1.3149912357330322,y
4,9,10,9,1.335989236831665,n
4,10,2,6,1.1549904346466064,y
4,9,8,2,3.3082048892974854,n
4,9,4,10,2.4219889640808105,y
4,7,10,4,1.1489923000335693,n
4,10,8,2,1.0949957370758057,n
4,4,8,3,1.553990364074707,y
4,5,10,3,1.9569897651672363,y
5,8,6,7,1.6480000019073486,y
5,10,8,4,1.1540007591247559,n
5,9,7,5,1.9600224494934082,y
5,8,9,8,2.8289847373962402,n
5,7,10,2,1.167999029159546,n
5,6,10,2,2.2549550533294678,y
5,9,10,2,1.4269990921020508,n
5,10,5,6,2.3409998416900635,y
5,4,8,10,1.6030001640319824,y
5,7,6,5,2.478283166885376,y
5,7,9,8,1.2471699714660645,n
5,8,8,9,1.2151415348052979,n
5,10,4,2,1.8509976863861084,y
5,2,10,7,0.9850003719329834,y
5,5,9,6,2.1050565242767334,y
5,2,10,6,1.1310017108917236,y
5,8,10,6,2.236008644104004,n
5,10,8,8,1.0540006160736084,n
5,10,9,10,1.0129995346069336,n
5,7,10,10,1.3580007553100586,n
5,10,4,10,2.2479984760284424,y
5,8,5,2,2.231001138687134,y
5,8,9,9,1.5370004177093506,n
5,10,9,6,2.4579989910125732,n
5,7,7,3,2.4210376739501953,y
5,9,4,3,2.0610008239746094,y
5,10,8,7,1.0639989376068115,n
5,9,3,5,1.0899996757507324,y
5,6,10,10,1.6279997825622559,n
5,10,9,7,1.6046836376190186,n
5,9,6,4,2.947674036026001,y
5,10,3,4,1.1226317882537842,y
5,10,3,7,0.9460015296936035,y
5,8,10,2,1.960233211517334,n
5,9,4,10,1.1725547313690186,y
5,6,6,2,1.4720263481140137,y
5,9,10,4,1.419069766998291,n
5,5,10,8,3.006439208984375,y
5,7,10,5,1.8509666919708252,n
5,9,10,3,2.7799994945526123,n
5,10,9,9,1.0810024738311768,n
5,3,9,8,1.2330007553100586,y
5,6,10,4,1.4850003719329834,n
5,9,9,5,2.950143814086914,n
5,10,9,8,0.9876949787139893,n
5,8,10,3,1.2430720329284668,n
5,10,4,5,1.2229995727539062,y
5,9,8,6,2.6699793338775635,y
5,3,9,9,1.1209964752197266,y
5,9,3,3,0.9479894638061523,y
5,9,9,10,1.0540030002593994,n
5,6,9,2,2.8039896488189697,y
5,9,6,3,2.247985601425171,y
5,8,6,4,2.1594297885894775,y
5,7,10,4,1.2100005149841309,n
5,10,3,8,1.1559984683990479,y
5,5,10,9,2.8721957206726074,y
5,8,8,3,2.0094316005706787,n
5,10,8,9,2.2889997959136963,n
5,7,10,3,1.214998483657837,n
5,10,7,7,3.3309998512268066,n
5,9,7,6,2.736009120941162,y
5,9,3,4,1.6389999389648438,y
5,8,6,8,3.149000406265259,y
5,5,10,10,1.730999231338501,y
5,10,9,5,1.7492997646331787,n
5,8,7,5,2.4220004081726074,y
5,6,8,9,2.306324005126953,y
5,8,8,7,3.568000078201294,n
5,5,8,6,3.320014715194702,n
5,7,8,7,2.330580711364746,y
3,7,6,3,2.7602834701538086,y
3,7,8,3,2.382000207901001,y
3,2,10,3,1.250000238418579,y
3,8,10,2,1.554002046585083,n
3,8,6,9,1.3180005550384521,y
3,9,8,6,1.7346255779266357,n
3,7,7,3,2.2809579372406006,y
3,7,8,2,2.1372833251953125,y
3,7,5,2,1.3340580463409424,y
3,9,10,4,1.088996171951294,n
3,4,8,6,1.5449886322021484,y
3,8,8,8,2.703892946243286,y
3,9,9,9,1.7720873355865479,n
3,8,9,10,1.3259906768798828,n
3,8,7,5,2.322988510131836,y
3,9,10,6,1.3179938793182373,n
3,10,8,8,1.2409908771514893,n
3,10,7,9,0.8199968338012695,n
3,8,6,10,2.8729820251464844,y
3,6,6,9,1.373995304107666,y
3,8,8,7,1.7499916553497314,n
3,10,9,9,1.4169933795928955,n
3,4,9,10,2.7238576412200928,y
3,6,6,4,1.9491186141967773,y
3,6,8,6,2.172991991043091,y
3,5,8,7,2.151991605758667,y
3,8,8,3,1.0889911651611328,n
3,9,8,8,1.7079896926879883,n
3,10,8,6,1.6359903812408447,n
3,8,8,2,1.216991901397705,n
3,5,8,9,1.2659952640533447,y
3,4,10,7,1.4529962539672852,y
3,9,8,2,1.4645037651062012,y
3,10,3,6,1.746999979019165,y
3,2,10,7,0.9969992637634277,y
3,7,8,7,2.6010003089904785,y
3,7,5,10,2.127000570297241,y
3,3,10,5,1.0627751350402832,y
3,7,5,5,1.1970009803771973,y
3,5,9,8,1.9770011901855469,y
3,9,4,4,1.7245845794677734,y
3,9,8,7,1.5880014896392822,n
3,10,9,8,1.4780004024505615,n
3,5,10,9,2.170999765396118,y
3,10,3,2,2.144000768661499,y
3,10,9,7,1.0119993686676025,n
3,8,7,10,2.3730008602142334,y
3,10,9,3,1.2500009536743164,n
3,6,8,4,2.224996566772461,n
3,8,6,5,1.6050007343292236,y
3,8,10,4,1.1989996433258057,n
3,10,8,10,0.9190189838409424,n
3,10,8,7,0.8680012226104736,n
3,5,7,8,1.9190001487731934,y
3,8,5,8,2.617999315261841,y
3,10,5,8,1.8910012245178223,y
3,6,10,5,1.4860012531280518,n
3,8,7,6,1.8729987144470215,n
3,9,7,9,2.198000192642212,n
3,9,7,6,2.1720006465911865,n
3,7,9,4,2.132999897003174,n
3,9,8,5,2.1452460289001465,n
3,10,8,3,1.0201256275177002,n
3,10,9,5,0.868983268737793,n
3,9,10,10,0.9300010204315186,n
3,10,7,4,1.0890004634857178,n
3,8,8,10,2.49899959564209,y
3,7,7,2,2.832001209259033,y
3,9,9,5,1.630998134613037,n
3,8,9,3,0.9120011329650879,n
3,5,10,4,1.9949994087219238,y
