TimePressure,PlayerCard1,PlayerCard2,DealerCard,ResponseTime,Response
10,10,7,4,0.9940025806427002,y
10,6,7,7,0.495999813079834,y
10,3,9,7,0.4320225715637207,y
10,9,10,6,0.4210023880004883,y
10,7,7,6,0.4439992904663086,y
10,8,5,10,0.4479994773864746,y
10,10,3,9,0.47099924087524414,y
10,10,9,5,0.6670629978179932,y
10,9,10,10,0.5140190124511719,y
10,9,8,7,0.4739997386932373,y
3,5,8,7,2.5109989643096924,y
3,5,9,10,1.9609994888305664,y
3,8,9,8,1.8300013542175293,n
3,6,8,3,1.7990005016326904,y
3,5,7,9,2.1029999256134033,y
3,6,10,6,1.9072394371032715,n
3,9,5,8,2.9210002422332764,y
3,9,10,3,1.229001760482788,n
3,4,9,6,1.360999584197998,y
3,7,5,8,1.4099998474121094,y
3,9,6,10,2.117999315261841,n
3,9,4,5,2.8029987812042236,y
3,9,5,5,1.9519991874694824,y
3,5,7,2,1.5679316520690918,y
3,7,9,5,2.456998348236084,y
3,7,10,10,1.555480718612671,n
3,10,8,4,1.1726765632629395,n
3,5,9,7,2.46500301361084,y
3,10,5,4,1.6709988117218018,y
3,6,10,10,1.239502191543579,y
3,9,9,3,1.326432228088379,n
3,9,10,10,2.1470000743865967,n
3,7,10,5,1.0959997177124023,n
3,9,4,9,1.7670011520385742,y
3,10,9,9,1.0889997482299805,n
3,10,9,6,1.28920578956604,n
3,8,5,2,1.4699974060058594,y
3,7,8,8,1.1748576164245605,y
3,10,4,4,1.13800048828125,n
3,9,5,6,1.3762538433074951,y
3,9,8,6,2.2719995975494385,n
3,5,8,4,2.602999448776245,y
3,10,5,3,1.924999713897705,y
3,10,7,9,2.3320024013519287,n
3,9,7,2,1.715001106262207,y
3,9,9,9,1.4450767040252686,n
3,9,10,8,1.0459935665130615,n
3,9,9,10,1.9518873691558838,n
3,5,7,6,2.931086301803589,y
3,10,6,8,2.237989902496338,y
3,8,10,6,1.5649912357330322,n
3,10,9,5,1.610992193222046,n
3,8,8,7,1.4429950714111328,n
3,10,7,2,1.5719926357269287,n
3,10,8,7,1.1889946460723877,n
3,9,9,8,2.071990966796875,n
3,8,8,9,0.9779934883117676,n
3,7,10,3,1.052995204925537,n
3,7,8,2,2.669985055923462,y
3,6,9,7,1.5506982803344727,y
3,2,10,5,1.1135740280151367,y
3,4,10,9,1.6382322311401367,y
3,8,10,2,1.1380009651184082,n
3,10,9,4,1.3609998226165771,n
3,10,2,4,1.6100010871887207,y
3,5,8,8,2.1340010166168213,y
3,10,2,10,2.587001085281372,y
3,10,9,7,1.6610016822814941,n
3,9,3,7,1.1753878593444824,y
3,6,9,6,1.1309993267059326,y
3,5,10,9,2.914646863937378,n
3,9,9,5,1.577000379562378,n
3,5,9,2,1.3676517009735107,y
3,7,10,4,1.087998628616333,y
3,10,7,7,1.8250048160552979,n
3,10,9,2,1.164001226425171,n
3,3,10,3,0.9600002765655518,y
3,6,6,3,2.236999750137329,y
3,8,8,3,2.8339998722076416,n
3,5,10,5,1.095003366470337,y
3,3,10,10,0.9380097389221191,y
5,10,9,2,1.0660004615783691,n
5,9,10,8,1.20503830909729,n
5,10,3,3,1.8759987354278564,y
5,8,9,8,3.4330008029937744,n
5,10,4,2,2.2107808589935303,y
5,8,9,7,3.2129998207092285,y
5,5,7,10,3.0821821689605713,y
5,9,7,4,3.702157974243164,n
5,9,9,8,1.436999797821045,n
5,10,6,9,2.80995774269104,n
5,9,6,9,4.527998208999634,y
5,9,10,5,2.384000301361084,n
5,9,9,5,1.409940481185913,n
5,2,10,2,3.250953197479248,y
5,9,5,4,4.656070709228516,y
5,10,2,4,1.4798827171325684,y
5,9,5,10,3.144000291824341,y
5,8,4,5,2.4129998683929443,y
5,10,9,7,2.2468209266662598,n
5,6,9,7,2.4979941844940186,y
5,3,9,7,2.990974187850952,y
5,9,4,7,2.9329819679260254,y
5,9,9,6,3.472982883453369,n
5,4,9,5,2.0099892616271973,y
5,9,4,10,3.31899094581604,y
5,7,9,7,3.6689774990081787,n
5,10,8,2,1.2649977207183838,n
5,9,7,3,3.280980110168457,y
5,9,10,10,1.620990514755249,n
5,7,10,5,3.1189792156219482,n
5,9,8,10,2.779822587966919,y
5,10,9,4,1.791151523590088,n
5,10,6,8,3.9216721057891846,y
5,7,9,5,4.487001419067383,y
5,7,7,3,2.43999981880188,n
5,8,6,5,3.0099985599517822,y
5,9,4,2,1.3430006504058838,y
5,7,8,10,1.5819995403289795,y
5,9,3,8,1.2209997177124023,y
5,9,6,2,4.556999444961548,y
5,4,8,9,2.837529182434082,y
5,10,4,8,2.8039979934692383,y
5,10,9,6,3.7769999504089355,n
5,10,8,9,1.0779991149902344,n
5,7,8,4,2.288001298904419,y
5,7,6,9,1.9169998168945312,y
5,7,8,5,1.4239988327026367,n
5,6,8,7,2.094867706298828,y
5,10,8,4,1.1403577327728271,n
5,9,9,10,1.005000114440918,n
5,7,8,6,1.628000259399414,y
5,10,3,6,1.7574453353881836,y
5,5,8,8,2.0939998626708984,y
5,10,9,9,1.2734520435333252,n
5,9,10,3,1.13973069190979,y
5,10,6,10,3.168342351913452,n
5,8,8,6,4.830704927444458,y
5,5,10,3,1.8249990940093994,y
5,7,5,3,3.4130022525787354,y
5,8,5,4,3.9032013416290283,y
5,6,9,8,4.147485971450806,y
5,9,9,7,4.0120017528533936,n
5,10,7,6,2.220682382583618,n
5,7,10,2,1.5609967708587646,n
5,7,7,9,1.7729887962341309,y
5,10,8,3,1.561990737915039,n
5,8,9,3,3.6259841918945312,n
5,8,6,6,3.979978084564209,y
5,9,3,6,2.2528319358825684,y
5,6,10,2,3.51513934135437,n
5,10,7,4,1.70399808883667,n
4,6,8,9,1.9120028018951416,n
4,9,9,3,1.4109344482421875,n
4,6,10,8,1.8070003986358643,n
4,4,8,10,2.2729763984680176,y
4,5,9,2,2.5769882202148438,y
4,10,5,2,1.8009881973266602,y
4,4,10,10,1.9659898281097412,y
4,10,6,5,3.084984302520752,n
4,8,7,4,2.0529932975769043,y
4,9,8,7,2.3919851779937744,n
4,8,8,9,1.5386905670166016,n
4,6,7,7,2.4080026149749756,y
4,7,9,2,1.2850005626678467,n
4,9,3,2,1.8089995384216309,y
4,10,9,5,1.1710000038146973,n
4,9,8,9,2.3159995079040527,y
4,2,10,3,1.5369980335235596,n
4,4,8,7,2.008000373840332,y
4,10,4,3,2.867000102996826,y
4,10,8,10,2.8620004653930664,n
4,9,5,4,3.1100099086761475,y
4,7,10,8,2.017000198364258,n
4,9,10,8,1.2739996910095215,n
4,10,3,4,1.758000373840332,y
4,5,10,10,3.5058231353759766,y
4,8,7,7,3.5070018768310547,y
4,10,3,10,0.961998462677002,y
4,10,2,5,2.3829994201660156,y
4,6,9,8,3.159999132156372,n
4,6,7,5,2.0630009174346924,y
4,10,9,10,1.307999849319458,n
4,5,10,9,3.5209996700286865,y
4,9,3,9,2.2639997005462646,y
4,7,8,5,1.5190000534057617,n
4,9,3,6,1.9590122699737549,y
4,10,9,3,1.4019999504089355,n
4,10,9,9,2.8209996223449707,n
4,8,10,4,3.3850016593933105,n
4,10,8,5,1.6899995803833008,n
4,10,4,5,1.7890000343322754,n
4,9,10,4,2.3820009231567383,n
4,7,10,3,2.374061346054077,n
4,10,9,7,1.848586082458496,n
4,7,10,6,1.9265508651733398,n
4,10,7,4,2.4998509883880615,n
4,10,9,6,1.61899995803833,n
4,8,10,8,1.7890002727508545,n
4,10,6,4,2.230999708175659,n
4,9,8,5,2.7580037117004395,n
4,3,10,3,1.7735834121704102,y
4,5,7,8,2.1774613857269287,y
4,10,8,6,2.26600980758667,n
4,10,2,4,1.225001335144043,y
4,8,6,6,3.4709999561309814,y
4,7,6,8,1.725001573562622,y
4,8,5,6,2.3630011081695557,y
4,10,9,2,0.8390002250671387,n
4,10,4,7,1.2230000495910645,y
4,5,10,6,2.154999256134033,y
4,6,10,7,2.2450551986694336,y
4,6,10,6,2.3331596851348877,y
4,10,8,2,2.6424081325531006,n
4,10,5,3,1.941999912261963,y
4,9,9,9,1.2669997215270996,y
4,9,8,2,2.316002607345581,n
4,8,10,7,1.4759998321533203,n
4,7,6,9,2.509999990463257,y
4,8,6,8,1.6829993724822998,n
4,4,9,2,0.9099977016448975,y
4,9,7,10,1.3018510341644287,y
4,8,9,10,3.262983560562134,n
