TimePressure,PlayerCard1,PlayerCard2,DealerCard,ResponseTime,Response
10,8,7,3,0.15500116348266602,y
10,9,4,7,0.424025297164917,y
10,8,8,9,0.4269747734069824,y
10,5,8,10,0.43085575103759766,y
10,4,10,8,0.46213769912719727,y
10,7,5,7,0.4394817352294922,y
10,9,4,4,0.4624941349029541,y
10,10,8,4,0.4389979839324951,y
10,7,6,3,0.44573378562927246,y
10,4,8,2,0.44826173782348633,y
3,6,10,8,1.893000841140747,n
3,10,5,8,2.2489750385284424,y
3,6,8,6,1.5351812839508057,y
3,4,8,4,1.521000862121582,y
3,6,8,3,1.0120000839233398,y
3,9,7,2,1.5959999561309814,n
3,9,10,9,0.9619982242584229,n
3,10,9,6,1.486999273300171,n
3,10,6,7,1.581000804901123,n
3,7,10,6,1.0619986057281494,n
3,7,5,10,1.0890002250671387,y
3,9,8,3,1.1760008335113525,n
3,10,7,4,1.0700087547302246,n
3,6,7,6,1.6399998664855957,y
3,7,10,9,1.0720000267028809,n
3,10,3,2,1.0296998023986816,y
3,9,10,8,1.0118162631988525,n
3,3,9,3,1.4449985027313232,y
3,6,8,2,1.6559998989105225,n
3,4,8,8,1.2461183071136475,n
3,6,10,9,1.2260017395019531,n
3,2,10,5,1.4690003395080566,y
3,5,8,5,1.3520002365112305,n
3,8,7,3,0.9289999008178711,y
3,10,4,5,1.2729978561401367,y
3,9,10,7,1.6639995574951172,y
3,10,8,2,1.7159175872802734,n
3,8,10,8,1.0027711391448975,n
3,9,8,10,1.3110003471374512,n
3,10,6,6,1.0460638999938965,n
3,7,6,4,1.486011028289795,y
3,7,7,4,1.688000202178955,y
3,10,9,4,1.7059924602508545,n
3,8,10,6,1.0969982147216797,n
3,8,9,7,0.9640004634857178,n
3,10,8,9,1.4600005149841309,n
3,8,5,10,1.242999792098999,y
3,9,9,3,1.0789997577667236,n
3,9,10,5,1.1914646625518799,n
3,7,8,6,1.5469999313354492,y
3,10,5,7,1.570002555847168,y
3,8,4,2,1.6150009632110596,n
3,10,8,5,1.1490025520324707,n
3,8,7,5,1.5840165615081787,n
3,4,9,9,2.196153402328491,y
3,6,6,7,2.4679999351501465,n
3,9,10,3,1.2070000171661377,n
3,7,9,3,1.1679985523223877,y
3,5,9,7,1.4750003814697266,y
3,3,10,3,1.2100005149841309,y
3,5,9,9,1.788001298904419,y
3,5,10,4,2.0449986457824707,y
3,10,8,10,1.1230015754699707,n
3,8,6,10,1.080000400543213,n
3,7,7,8,1.0139999389648438,n
3,9,7,4,2.187000036239624,n
3,9,10,10,0.9909989833831787,n
3,10,9,2,1.1620006561279297,n
3,5,7,9,1.18399977684021,y
3,6,7,8,1.1660003662109375,y
3,7,9,5,1.2580013275146484,n
3,6,10,10,1.6034986972808838,y
3,5,10,2,1.241999626159668,y
3,10,7,2,1.0036506652832031,n
3,5,10,10,1.1742165088653564,y
3,8,10,4,1.105783224105835,n
3,3,9,6,1.0039997100830078,y
3,9,6,9,1.0909991264343262,n
3,10,8,7,1.4029994010925293,n
3,7,10,8,1.9995625019073486,n
3,10,3,7,2.2729990482330322,y
4,3,10,7,0.8860023021697998,y
4,10,9,7,1.9169995784759521,n
4,10,6,2,1.5370023250579834,n
4,5,10,6,2.1689999103546143,y
4,10,5,2,1.5539989471435547,y
4,6,7,8,1.9089982509613037,n
4,9,10,4,1.057999849319458,n
4,10,9,5,2.5439984798431396,n
4,10,8,2,1.1480000019073486,n
4,6,9,8,2.0600013732910156,y
4,8,10,8,2.637000560760498,n
4,9,3,3,1.8399991989135742,y
4,9,7,10,1.1830012798309326,n
4,10,7,10,1.9179985523223877,n
4,7,9,8,1.3019993305206299,n
4,9,8,7,1.5619995594024658,n
4,10,7,6,0.9879999160766602,n
4,8,8,6,1.5140113830566406,n
4,9,10,3,1.3841097354888916,n
4,8,6,8,1.7160022258758545,y
4,8,4,7,2.3460209369659424,y
4,9,3,2,2.4686906337738037,y
4,9,5,9,1.5709941387176514,y
4,8,7,10,1.3829944133758545,n
4,9,6,5,1.131986141204834,n
4,4,8,8,2.1959869861602783,y
4,3,10,10,1.6539909839630127,y
4,10,8,5,1.2790014743804932,n
4,8,6,5,2.0439810752868652,y
4,10,9,9,1.4449918270111084,n
4,9,10,6,2.7649857997894287,y
4,8,5,4,2.940983772277832,y
4,6,10,5,2.053391933441162,n
4,10,4,7,2.6509995460510254,y
4,5,8,2,1.6560003757476807,y
4,10,8,4,1.9799981117248535,n
4,5,9,2,2.4230000972747803,y
4,9,10,10,1.5220017433166504,n
4,3,10,3,1.1560006141662598,y
4,10,8,3,2.4099977016448975,n
4,9,4,9,1.5460011959075928,n
4,6,10,7,2.6810014247894287,y
4,8,9,5,2.0949997901916504,n
4,10,8,7,0.9110004901885986,n
4,8,9,2,1.7979991436004639,n
4,10,9,8,0.9360017776489258,n
4,9,5,3,2.31551194190979,y
4,10,6,9,2.5190019607543945,y
4,10,8,6,1.7490010261535645,n
4,2,10,6,1.470024824142456,y
4,2,10,4,0.9982130527496338,y
4,2,10,10,2.815110683441162,y
4,8,9,9,3.5825612545013428,n
4,10,8,10,1.2840015888214111,n
4,6,6,5,1.3860015869140625,y
4,8,8,4,1.9439995288848877,n
4,10,4,6,2.722001314163208,y
4,9,10,2,1.2909996509552002,n
4,5,8,5,1.6999995708465576,y
4,9,8,3,1.3320012092590332,n
4,9,9,9,1.1243236064910889,n
4,8,9,8,2.7320005893707275,n
4,8,7,4,2.627002477645874,y
4,5,10,7,0.9640026092529297,y
4,6,9,9,3.1769704818725586,y
4,7,8,3,2.4250004291534424,y
4,10,3,6,2.841000556945801,y
4,10,4,4,2.0099990367889404,y
4,6,10,3,2.5863115787506104,y
4,5,7,9,2.9674530029296875,y
4,8,9,4,2.1790003776550293,n
5,10,5,8,1.7080011367797852,y
5,9,9,9,3.523000478744507,n
5,9,8,8,3.3733012676239014,y
5,8,6,2,3.480084180831909,y
5,6,9,9,4.209531784057617,y
5,10,7,9,1.553001880645752,n
5,10,4,8,2.371999740600586,y
5,8,10,5,2.3499999046325684,n
5,3,10,3,2.5959994792938232,y
5,4,10,7,2.9320743083953857,y
5,8,8,7,2.3519997596740723,n
5,8,9,7,2.322676181793213,n
5,2,10,8,1.9879999160766602,y
5,9,5,9,2.323997735977173,n
5,7,9,6,2.815999984741211,y
5,9,9,7,2.2640013694763184,n
5,10,8,8,2.190999746322632,n
5,8,9,2,3.5333542823791504,n
5,9,4,9,3.2790029048919678,y
5,8,10,6,3.6680004596710205,n
5,7,8,7,2.8070006370544434,y
5,8,9,10,2.7970006465911865,n
5,9,4,10,3.069997549057007,y
5,6,10,2,2.4851272106170654,y
5,10,7,3,2.9926414489746094,n
5,10,6,8,3.825871467590332,y
5,6,9,4,2.655195474624634,y
5,3,10,6,2.4429996013641357,y
5,7,9,10,3.0739996433258057,n
5,8,7,10,2.9419989585876465,y
5,10,8,4,3.7600009441375732,n
5,4,8,6,2.313802480697632,y
5,10,5,2,2.678999185562134,y
5,2,10,3,2.4950003623962402,y
5,10,3,4,1.883000373840332,y
5,10,9,6,1.6491458415985107,n
5,8,10,10,1.322681188583374,n
5,6,6,9,1.8490004539489746,y
5,8,10,2,1.7151644229888916,n
5,9,10,3,1.148102045059204,n
5,10,9,2,1.1730010509490967,n
5,7,9,3,4.090051174163818,y
5,5,9,4,1.6990008354187012,y
5,8,4,4,1.503000259399414,y
5,8,5,8,2.580000638961792,y
5,7,10,4,1.7400000095367432,y
5,5,8,5,1.214000940322876,y
5,10,9,4,1.2849996089935303,n
5,6,8,6,2.6531383991241455,y
5,5,8,2,1.4591903686523438,y
5,6,8,5,2.3010001182556152,y
5,10,9,10,1.8144745826721191,n
5,7,9,5,3.4158294200897217,n
5,9,7,9,1.9830381870269775,n
5,10,4,3,1.4929986000061035,y
5,9,8,6,3.3619985580444336,n
5,7,7,10,1.6740002632141113,y
5,9,8,5,1.250000238418579,n
5,9,3,10,1.7203214168548584,y
5,9,9,3,2.6179885864257812,n
5,9,7,4,3.3779819011688232,n
5,9,10,9,2.269989252090454,n
5,6,9,6,1.7819898128509521,y
5,9,10,8,1.2149958610534668,n
5,3,9,7,1.2339935302734375,y
5,4,9,7,3.5338799953460693,y
5,7,8,3,3.3309900760650635,y
5,2,10,5,1.0630908012390137,y
5,8,7,5,2.238987922668457,n
5,4,8,2,1.5209929943084717,y
5,10,9,7,1.1899957656860352,n
