TimePressure,PlayerCard1,PlayerCard2,DealerCard,ResponseTime,Response
10,7,7,5,7.303206205368042,n
10,5,10,10,2.1100003719329834,n
10,10,9,5,2.365999937057495,n
10,8,10,7,1.3229992389678955,n
10,10,8,2,4.02899956703186,n
10,10,8,6,1.079000473022461,n
10,8,8,7,4.087000370025635,y
10,7,10,3,4.922999382019043,n
10,10,9,9,1.3680028915405273,n
10,10,9,8,0.9049994945526123,n
4,8,10,2,0.9580001831054688,n
4,8,10,8,1.3319976329803467,n
4,7,10,4,1.8080010414123535,n
4,10,3,7,1.28200101852417,y
4,10,7,6,1.0729999542236328,n
4,8,8,4,2.1300017833709717,n
4,7,7,5,2.457000732421875,y
4,5,8,5,1.509434461593628,y
4,7,9,2,1.0400011539459229,y
4,6,8,10,2.626392364501953,y
4,7,10,8,1.0290422439575195,y
4,10,5,10,1.77207612991333,n
4,6,9,9,3.0422558784484863,n
4,7,6,9,1.8401668071746826,y
4,7,5,9,1.2300806045532227,y
4,10,9,4,1.2229998111724854,n
4,7,10,3,1.892000675201416,n
4,5,8,6,3.215762138366699,y
4,10,9,6,1.0319244861602783,n
4,5,8,10,1.3059873580932617,y
4,10,7,10,2.2870001792907715,n
4,10,2,6,1.3679990768432617,y
4,4,9,4,2.5230088233947754,y
4,10,7,5,1.105992317199707,n
4,9,10,7,1.0968854427337646,n
4,9,9,7,1.5620622634887695,n
4,9,3,2,1.1819005012512207,y
4,9,10,2,1.1808879375457764,n
4,4,9,8,2.083632230758667,y
4,2,10,5,1.0803394317626953,y
4,6,7,2,2.1180667877197266,y
4,9,9,3,2.062274932861328,n
4,8,8,7,2.0242724418640137,n
4,6,10,3,3.9953556060791016,y
4,9,7,5,2.2380003929138184,y
4,8,7,2,2.186002254486084,n
4,6,10,6,1.4469506740570068,n
4,10,7,7,1.6680004596710205,n
4,10,9,9,1.0110020637512207,n
4,6,9,6,1.156001091003418,y
4,7,9,10,1.1720004081726074,y
4,4,10,6,1.410322904586792,n
4,9,5,4,2.475451946258545,y
4,9,10,10,1.6880011558532715,y
4,8,10,10,2.0749990940093994,n
4,10,9,8,1.318000316619873,n
4,9,10,5,1.5870006084442139,n
4,3,10,3,1.5440022945404053,y
4,7,7,3,2.1118037700653076,y
4,10,7,9,2.0850017070770264,n
4,8,10,5,2.364328145980835,y
4,9,8,2,2.7789993286132812,n
4,8,10,9,1.8039984703063965,y
4,4,10,8,1.6399996280670166,n
4,9,10,3,1.1380033493041992,n
4,6,10,8,1.5209956169128418,y
4,6,10,9,2.051722288131714,y
4,9,6,3,1.2762501239776611,n
4,10,4,9,2.525015115737915,y
4,5,10,5,2.7410004138946533,y
4,8,7,7,1.3689658641815186,y
4,6,9,4,1.2290005683898926,n
4,5,10,8,1.5469989776611328,y
4,8,10,6,1.4680006504058838,n
4,9,3,7,1.49399995803833,y
4,8,4,4,1.3589997291564941,y
4,3,9,8,2.352999687194824,y
4,10,4,7,1.3075041770935059,y
4,9,3,10,3.5800602436065674,y
4,8,6,2,1.8560001850128174,n
4,8,10,4,1.3339991569519043,n
5,7,8,5,2.561999797821045,y
5,10,6,9,1.3396949768066406,n
5,8,9,9,1.4350199699401855,n
5,9,8,8,1.8150014877319336,y
5,8,6,3,1.6380000114440918,y
5,6,10,7,1.2850000858306885,n
5,10,5,7,1.5930004119873047,n
5,3,9,7,2.050999164581299,y
5,3,9,4,2.119000196456909,y
5,10,8,7,1.1410017013549805,n
5,9,9,8,1.4080009460449219,n
5,9,8,2,1.7050001621246338,n
5,9,6,4,2.9457550048828125,y
5,6,10,4,1.714000940322876,y
5,7,7,8,1.044811725616455,n
5,4,8,9,1.4620015621185303,y
5,10,8,3,1.1029996871948242,n
5,10,9,6,1.1230010986328125,n
5,9,9,6,3.021998167037964,n
5,8,10,5,1.4510009288787842,n
5,6,6,2,3.378995656967163,y
5,9,5,2,1.8734862804412842,y
5,10,6,10,3.6640005111694336,n
5,8,10,2,2.5229997634887695,n
5,6,10,2,4.039998292922974,y
5,8,7,8,1.5503039360046387,n
5,10,2,8,1.0791120529174805,y
5,10,9,9,1.0370028018951416,n
5,9,10,4,1.4099271297454834,n
5,10,9,3,0.9369995594024658,n
5,9,4,9,1.3410015106201172,y
5,10,8,9,1.7200005054473877,n
5,8,7,2,1.638002634048462,y
5,10,2,6,1.2830002307891846,y
5,9,4,3,3.497999429702759,y
5,9,5,4,4.009000301361084,n
5,6,7,6,1.0879995822906494,y
5,9,8,3,1.1159541606903076,n
5,4,9,5,1.2649998664855957,y
5,3,10,8,1.121999740600586,y
5,3,10,7,0.8920021057128906,y
5,9,10,5,1.1580140590667725,n
5,7,10,10,1.1040012836456299,n
5,5,10,6,1.9660015106201172,y
5,7,10,6,1.1300015449523926,n
5,10,4,5,1.1970014572143555,y
5,6,10,5,1.171999216079712,n
5,9,10,8,1.4359982013702393,n
5,10,9,10,1.259002447128296,n
5,6,9,10,1.4079995155334473,y
5,6,10,6,1.1893494129180908,y
5,10,2,10,1.3519997596740723,y
5,9,9,4,1.028001070022583,n
5,5,7,5,1.0023159980773926,y
5,8,7,3,2.751718282699585,n
5,2,10,3,1.0050022602081299,y
5,8,10,10,1.6359999179840088,n
5,8,5,4,1.2390003204345703,y
5,6,8,7,1.2659993171691895,y
5,10,3,2,0.9860002994537354,y
5,8,6,6,2.091998815536499,y
5,10,6,8,1.0720000267028809,n
5,5,9,9,1.258000373840332,y
5,9,8,7,1.1460003852844238,n
5,8,9,4,1.0880000591278076,n
5,7,10,5,1.2819979190826416,n
5,9,10,7,1.0060088634490967,n
5,5,9,10,1.187999963760376,y
5,5,8,10,2.549999475479126,y
5,7,9,3,3.2649998664855957,y
5,10,9,2,2.1160006523132324,n
3,10,7,2,1.2749998569488525,n
3,9,8,4,1.630000352859497,n
3,4,9,6,1.4400005340576172,y
3,10,8,8,1.3169991970062256,n
3,7,7,9,2.4130008220672607,y
3,7,7,7,1.3750026226043701,n
3,9,10,8,1.4090001583099365,n
3,9,5,8,1.9999980926513672,y
3,7,8,4,1.7639992237091064,n
3,8,7,10,1.9640023708343506,y
3,2,10,10,1.165001392364502,y
3,9,10,7,1.0710010528564453,n
3,10,9,2,1.1652703285217285,n
3,10,6,8,2.685999870300293,n
3,7,9,4,2.62600040435791,n
3,5,8,8,1.1870529651641846,y
3,3,9,3,1.8420000076293945,y
3,9,7,7,1.2570018768310547,n
3,9,8,8,1.2729990482330322,n
3,10,8,5,1.2069997787475586,n
3,8,10,2,0.9950008392333984,n
3,8,4,5,2.01900053024292,y
3,6,6,6,2.632347822189331,y
3,8,7,9,1.5430028438568115,n
3,7,5,2,1.4540009498596191,y
3,7,5,4,0.9450011253356934,y
3,8,8,6,1.848975658416748,n
3,10,7,6,1.3470027446746826,n
3,8,10,6,1.3160006999969482,n
3,10,7,7,1.031998634338379,n
3,4,10,10,1.0610003471374512,y
3,5,9,2,1.7970032691955566,y
3,9,6,5,1.7310020923614502,y
3,7,6,10,1.9179978370666504,n
3,10,8,4,2.2770004272460938,n
3,9,8,3,1.9831187725067139,y
3,7,6,3,2.67900013923645,n
3,9,6,7,1.787001609802246,y
3,5,7,7,1.391000509262085,y
3,9,10,5,0.987999677658081,n
3,7,7,5,1.629002571105957,y
3,7,10,9,1.8659999370574951,n
3,5,8,5,1.1910004615783691,y
3,8,10,3,2.059000015258789,n
3,8,5,7,1.502002477645874,y
3,9,4,9,1.4090001583099365,y
3,8,7,8,1.707000970840454,y
3,10,9,4,2.3960001468658447,n
3,7,5,8,1.503999948501587,y
3,10,3,2,1.5869994163513184,n
3,8,8,9,0.9380002021789551,n
3,7,9,5,1.6870005130767822,n
3,6,7,4,1.2840003967285156,y
3,10,6,3,1.1479995250701904,n
3,8,8,2,1.6549997329711914,n
3,8,6,6,1.4269993305206299,y
3,9,9,9,1.0639996528625488,n
3,9,7,10,1.449000358581543,n
3,8,9,5,1.326080560684204,n
3,10,8,10,2.585428476333618,n
3,8,7,3,2.388998031616211,n
3,10,9,10,2.431000232696533,n
3,10,9,9,1.401000738143921,n
3,8,7,2,1.7300009727478027,n
3,2,10,9,1.0830011367797852,y
3,10,4,3,1.0199990272521973,n
3,9,8,10,1.207000494003296,n
3,10,9,6,0.8399991989135742,n
3,8,10,7,1.2064323425292969,n
3,6,8,4,1.9509999752044678,y
3,10,9,3,1.140251874923706,n
